	18.0	19.0	20.0	21.0	22.0	23.0	24.0	25.0	26.0	27.0	28.0	29.0	30.0	31.0	32.0	33.0	34.0	35.0	36.0	37.0	38.0	39.0	40.0
SRR2155413	1.0	15.0	227.0	1869.0	11011.0	38817.0	94915.0	178743.0	283093.0	394926.0	498093.0	586468.0	663787.0	729024.0	794205.0	860171.0	927828.0	972014.0	944902.0	749986.0	339498.0	32016.0	7.0
	18.0	19.0	20.0	21.0	22.0	23.0	24.0	25.0	26.0	27.0	28.0	29.0	30.0	31.0	32.0	33.0	34.0	35.0	36.0	37.0	38.0	39.0	40.0
SRR2155414	2.0	49.0	720.0	5465.0	31325.0	111638.0	276622.0	527731.0	838906.0	1169755.0	1486578.0	1764648.0	2007072.0	2233347.0	2466392.0	2724397.0	3025603.0	3352024.0	3575420.0	3143855.0	1583323.0	219187.0	280.0
	18.0	19.0	20.0	21.0	22.0	23.0	24.0	25.0	26.0	27.0	28.0	29.0	30.0	31.0	32.0	33.0	34.0	35.0	36.0	37.0	38.0	39.0	40.0
SRR2155415	4.0	45.0	1011.0	7309.0	38585.0	133553.0	321066.0	602914.0	939978.0	1291574.0	1610954.0	1874654.0	2086944.0	2260008.0	2421634.0	2584948.0	2755360.0	2891311.0	2918436.0	2594800.0	1482529.0	222051.0	308.0
	18.0	19.0	20.0	21.0	22.0	23.0	24.0	25.0	26.0	27.0	28.0	29.0	30.0	31.0	32.0	33.0	34.0	35.0	36.0	37.0	38.0	39.0	40.0
SRR2155416	3.0	37.0	584.0	4797.0	26745.0	93821.0	227306.0	428145.0	670949.0	922896.0	1155445.0	1351787.0	1509438.0	1646421.0	1776116.0	1907366.0	2035244.0	2109807.0	2038564.0	1602767.0	714691.0	65698.0	16.0
	18.0	19.0	20.0	21.0	22.0	23.0	24.0	25.0	26.0	27.0	28.0	29.0	30.0	31.0	32.0	33.0	34.0	35.0	36.0	37.0	38.0	39.0	40.0
SRR2155417	2.0	63.0	1072.0	7917.0	43961.0	155250.0	380215.0	718034.0	1133102.0	1567299.0	1971385.0	2318633.0	2616112.0	2879294.0	3145014.0	3439146.0	3780105.0	4144959.0	4374052.0	3794582.0	1889133.0	259420.0	345.0
	18.0	19.0	20.0	21.0	22.0	23.0	24.0	25.0	26.0	27.0	28.0	29.0	30.0	31.0	32.0	33.0	34.0	35.0	36.0	37.0	38.0	39.0	40.0
SRR2155418	3.0	54.0	902.0	6792.0	36846.0	127148.0	308038.0	579991.0	914469.0	1260583.0	1581169.0	1849607.0	2066121.0	2248747.0	2423078.0	2598378.0	2776926.0	2920765.0	2964098.0	2643029.0	1511218.0	223299.0	271.0
	19.0	20.0	21.0	22.0	23.0	24.0	25.0	26.0	27.0	28.0	29.0	30.0	31.0	32.0	33.0	34.0	35.0	36.0	37.0	38.0	39.0	40.0
SRR2155419	14.0	422.0	3620.0	19080.0	67893.0	164327.0	309095.0	488931.0	676965.0	851625.0	998422.0	1118294.0	1222983.0	1326388.0	1423551.0	1514540.0	1565647.0	1495333.0	1157589.0	506548.0	46970.0	27.0
	18.0	19.0	20.0	21.0	22.0	23.0	24.0	25.0	26.0	27.0	28.0	29.0	30.0	31.0	32.0	33.0	34.0	35.0	36.0	37.0	38.0	39.0	40.0
SRR2155420	5.0	52.0	943.0	7218.0	39429.0	140510.0	347012.0	661964.0	1047787.0	1457161.0	1844220.0	2180387.0	2471234.0	2732906.0	3005626.0	3300609.0	3644406.0	4020771.0	4267003.0	3724969.0	1868193.0	258396.0	340.0
	18.0	19.0	20.0	21.0	22.0	23.0	24.0	25.0	26.0	27.0	28.0	29.0	30.0	31.0	32.0	33.0	34.0	35.0	36.0	37.0	38.0	39.0	40.0
SRR2155421	4.0	40.0	596.0	4934.0	27164.0	95824.0	234222.0	442251.0	700662.0	966538.0	1214347.0	1423783.0	1587012.0	1727382.0	1853744.0	1978772.0	2104052.0	2202571.0	2215361.0	1947401.0	1101505.0	163126.0	221.0
	17.0	18.0	19.0	20.0	21.0	22.0	23.0	24.0	25.0	26.0	27.0	28.0	29.0	30.0	31.0	32.0	33.0	34.0	35.0	36.0	37.0	38.0	39.0	40.0
SRR2155422	1.0	1.0	30.0	631.0	5180.0	28622.0	98813.0	239517.0	449113.0	704327.0	965564.0	1204982.0	1403347.0	1563513.0	1699089.0	1825694.0	1953117.0	2073924.0	2144355.0	2059775.0	1606322.0	710781.0	66182.0	27.0
	18.0	19.0	20.0	21.0	22.0	23.0	24.0	25.0	26.0	27.0	28.0	29.0	30.0	31.0	32.0	33.0	34.0	35.0	36.0	37.0	38.0	39.0	40.0
SRR2155423	2.0	54.0	950.0	6311.0	33576.0	118910.0	290761.0	552329.0	872256.0	1212404.0	1527763.0	1805763.0	2041549.0	2254210.0	2471311.0	2708396.0	2980969.0	3291333.0	3495187.0	3067660.0	1551724.0	218115.0	343.0
	17.0	18.0	19.0	20.0	21.0	22.0	23.0	24.0	25.0	26.0	27.0	28.0	29.0	30.0	31.0	32.0	33.0	34.0	35.0	36.0	37.0	38.0	39.0	40.0
SRR2155424	1.0	3.0	50.0	812.0	6244.0	33635.0	116525.0	283440.0	534814.0	843186.0	1163071.0	1456674.0	1703105.0	1898867.0	2068673.0	2223229.0	2381219.0	2540498.0	2670985.0	2701683.0	2397613.0	1361212.0	201437.0	272.0

